00000000000000000000000000000000
00000000000000000000000000000000
00000000000000000000000000000000
00000000000000000000000000000000
00000000000000000000000000000000
00000000000000000000000000000000
00000000000000000000000000000000
00000000000000000000000000000000
00000000000000000000000000000000
00000000000000000000000000000000
00000000000000000000000000000000
00000000000000000000000000000000
0f440004400f0400000dd1c010470f44
00000000000000000000000000000000
00000000000000000000000000000000
00000000000000000000000000000000
c3440004430304000001d1c010430f44
00000000000000000000000000000000
c3440004430304000001d1c010440f44
00000000000000000000000000000000
00000000000000000000000000000000
00000000000000000000000000000000
cf440004400304000001d1c010400f44
00000000000000000000000000000000
00000000000000000000000000000000
00000000000000000000000000000000
00000000000000000000000000000000
00000000000000000000000000000000
00000000000000000000000000000000
00000000000000000000000000000000
00000000000000000000000000000040
00000000000000000000000000000000
00000000000000000000000000000000
00000000000000000000000000000000
00000000000000000000000000000000
00000000000000000000000000000000
00000000000000000000000000000000
00000000000000000000000000000000
00000000000000000000000000000000
00000000000000000000000000000000
00000000000000000000000000000000
00000000000000000000000000000000
0000000c000000000000000000000000
00000000000000000000000000000000
cf440004530304000001d1c010440f44
00000000000000000000000000000000
00000000000000000000000000000000
00000000000000000000000000000000
00000000000000000000000000000000
00000000000000000000000000000c00
00000000000000000000000000000000
00000000000000000000000000000000
00000000000000000000000000000000
00000004000000000000000000000000
00000000000000000000000000000000
00000000000000000000000000000000
00000004000000000000000000000000
00000000000000000000000000000000
00000000000000000000000000000000
00000000000000000000000000000000
00000000000000000000000000000000
00000000000000000000000000000000
00000000000000000000000000000000
c3440004430f0400000dd1c0d0430f44
